Region,Counter Strike: (2010),Fortnite: (2010),Dota 2: (2010),League of Legends: (2010),PUBG: (2010)
Washington,17%,,2%,81%,<1%
Virginia,73%,,1%,26%,
South Dakota,,,3%,97%,
North Dakota,8%,,,92%,
Oregon,13%,<1%,1%,86%,
Nevada,26%,,1%,73%,
California,55%,<1%,1%,44%,
New Hampshire,24%,,3%,73%,
Idaho,16%,,7%,77%,
Alaska,21%,,7%,72%,
Wyoming,,,6%,94%,
Hawaii,32%,,2%,66%,
Arizona,17%,,2%,81%,
Wisconsin,15%,,2%,83%,
Mississippi,17%,,1%,82%,
Utah,10%,,4%,86%,
Minnesota,15%,,1%,84%,
Missouri,20%,,1%,79%,
Oklahoma,17%,1%,2%,80%,
Michigan,25%,,1%,74%,
Delaware,11%,,,89%,
Indiana,16%,,1%,83%,
Louisiana,21%,,3%,76%,
Texas,23%,,2%,75%,
Kansas,25%,,1%,74%,
Iowa,8%,,4%,88%,
Arkansas,18%,,,82%,
Ohio,21%,,2%,77%,
Rhode Island,16%,,2%,82%,
Florida,24%,,2%,74%,
Illinois,26%,<1%,3%,71%,
Kentucky,20%,,2%,78%,
New Mexico,11%,,3%,86%,
West Virginia,17%,,5%,78%,
Maryland,24%,,1%,75%,
Colorado,17%,,3%,80%,
North Carolina,20%,,1%,79%,
Nebraska,25%,,4%,71%,
Georgia,27%,,3%,70%,
New Jersey,24%,,3%,73%,
New York,26%,,1%,73%,
Massachusetts,27%,,1%,72%,
Pennsylvania,21%,,2%,77%,
Connecticut,29%,,1%,70%,
Maine,38%,,,62%,
District of Columbia,20%,,3%,77%,
Tennessee,18%,,3%,79%,
South Carolina,27%,,,73%,
Alabama,25%,,,75%,
Vermont,10%,,,90%,
Montana,15%,,15%,70%,
